data/igrg2680.20i
     1.0            IONOSPHERE MAPS     MIX                 IONEX VERSION / TYPE
tecrms2ionex_2.awk  GRL/UWM            09/25/20 2009UT      PGM / RUN BY / DATE
Global ionosphere maps for day 268, 2020 (24- 9-2020)       DESCRIPTION
IONEX file containing the COMBINED IGS Ionosphere maps      DESCRIPTION
from the combination of the following IAACs:                DESCRIPTION
esrg                                                        DESCRIPTION
jprg                                                        DESCRIPTION
Contact address: Andrzej Krankowski                         DESCRIPTION
                 Geodynamics Research Laboratory            DESCRIPTION
                 University of Warmia and Mazury (GRL/UWM)  DESCRIPTION
                 Oczapowski St. 1                           DESCRIPTION
                 10-957-Olsztyn, POLAND                     DESCRIPTION
                 e-mail:  kand@uwm.edu.pl                   DESCRIPTION
                                                            DESCRIPTION
  2020     9    24     0     0     0                        EPOCH OF FIRST MAP
  2020     9    25     0     0     0                        EPOCH OF LAST MAP
  7200                                                      INTERVAL
    13                                                      # OF MAPS IN FILE
  COSZ                                                      MAPPING FUNCTION
     0.0                                                    ELEVATION CUTOFF
Combined TEC calculated as weighted mean of input TEC valuesOBSERVABLES USED
   342                                                      # OF STATIONS
    30                                                      # OF SATELLITES
  6371.0                                                    BASE RADIUS
     2                                                      MAP DIMENSION
   450.0 450.0   0.0                                        HGT1 / HGT2 / DHGT
    87.5 -87.5  -2.5                                        LAT1 / LAT2 / DLAT
  -180.0 180.0   5.0                                        LON1 / LON2 / DLON
    -1                                                      EXPONENT
TEC values in  0.1 TECUs; 9999 if no value available        COMMENT
DCB values in nanoseconds, reference is Sum_of_SatDCBs = 0  COMMENT
                                                            END OF HEADER
[from data line 3861]
    10                                                      START OF TEC MAP
  2020     9    24    18     0     0                        EPOCH OF CURRENT MAP
    87.5-180.0 180.0   5.0 450.0                            LAT/LON1/LON2/DLON/H
   49   49   49   50   50   50   51   51   52   52   52   53   53   54   54   54
   55   55   55   55   56   56   56   56   55   55   55   55   55   55   55   54
   54   54   53   53   52   52   52   51   51   50   50   49   49   48   48   48
   47   47   47   47   47   46   46   46   46   46   46   46   46   46   46   46
   46   47   47   47   47   48   48   48   49
    85.0-180.0 180.0   5.0 450.0                            LAT/LON1/LON2/DLON/H
   48   48   49   49   50   51   52   53   53   54   55   55   56   57   58   58
   59   59   60   60   61   61   61   61   61   61   61   60   60   60   59   58
   57   57   56   55   54   53   53   52   51   51   50   49   48   47   46   46
   45   44   44   43   43   42   42   42   41   41   41   41   42   42   42   43
   43   44   44   45   46   46   47   47   48
    82.5-180.0 180.0   5.0 450.0                            LAT/LON1/LON2/DLON/H
   48   49   50   50   51   52   52   53   54   55   56   57   58   59   60   61
   62   63   64   65   65   66   66   66   66   66   65   64   63   62   61   60
   59   58   56   55   54   53   52   51   50   49   48   47   46   46   45   44
   43   42   41   41   40   40   39   39   38   38   38   39   39   39   40   40
   41   41   42   43   44   45   46   47   48
    80.0-180.0 180.0   5.0 450.0                            LAT/LON1/LON2/DLON/H
   49   50   50   52   52   53   53   54   54   55   56   57   58   59   61   63
   64   66   67   68   69   70   70   70   69   69   68   67   65   64   62   60
   58   56   54   53   51   50   48   47   47   46   45   44   44   43   42   42
   41   40   39   38   38   37   36   35   35   35   35   35   36   37   37   38
   38   40   41   42   43   45   46   47   49
    77.5-180.0 180.0   5.0 450.0                            LAT/LON1/LON2/DLON/H
   49   50   52   52   53   54   53   54   54   55   55   56   58   59   61   64
   65   67   69   71   71   72   73   72   71   70   69   67   65   63   61   60
   57   55   52   49   48   46   44   42   42   40   40   40   39   39   39   38
   38   38   37   37   36   35   34   34   33   33   33   33   33   33   34   35
   36   37   39   40   42   44   46   48   49
    75.0-180.0 180.0   5.0 450.0                            LAT/LON1/LON2/DLON/H
   49   50   52   53   53   53   54   53   53   53   54   55   56   59   61   63
   66   68   70   72   73   74   74   73   72   70   69   67   65   63   61   59
   57   54   51   48   45   42   39   37   36   35   34   34   34   34   35   35
   35   35   35   34   34   34   32   32   31   31   31   31   31   31   31   32
   33   34   35   37   39   42   44   47   49
    72.5-180.0 180.0   5.0 450.0                            LAT/LON1/LON2/DLON/H
   46   50   51   53   54   53   53   53   53   53   53   55   56   59   61   63
   66   68   70   72   74   74   74   73   71   70   68   66   64   62   61   59
   57   55   51   48   44   40   37   33   31   30   29   29   29   29   30   31
   31   32   33   32   33   32   31   31   30   30   29   28   28   28   28   28
   29   30   31   33   35   38   40   43   46
    70.0-180.0 180.0   5.0 450.0                            LAT/LON1/LON2/DLON/H
   43   47   50   51   53   53   53   53   53   53   54   55   57   59   61   63
   65   68   70   72   74   74   74   73   71   69   66   65   63   62   61   60
   58   56   53   49   46   41   37   33   29   28   27   25   26   26   26   28
   29   30   30   31   31   31   31   30   29   28   27   26   26   26   25   25
   25   26   27   28   30   33   36   40   43
    67.5-180.0 180.0   5.0 450.0                            LAT/LON1/LON2/DLON/H
   40   44   48   51   52   53   54   54   54   54   55   57   58   60   62   64
   66   68   70   73   75   74   74   72   70   68   65   64   63   63   63   62
   60   59   56   53   50   45   40   36   31   29   27   25   25   25   25   26
   27   28   30   30   31   30   30   29   28   27   27   25   25   24   24   24
   24   23   24   24   27   29   32   36   40
    65.0-180.0 180.0   5.0 450.0                            LAT/LON1/LON2/DLON/H
   38   42   46   50   53   55   56   56   57   57   58   60   60   62   63   65
   68   69   72   74   75   76   75   73   71   68   65   65   64   64   64   65
   64   63   61   58   55   51   46   42   37   33   31   28   28   27   27   27
   27   29   30   31   31   31   30   29   28   27   26   26   25   25   24   23
   23   23   23   24   24   26   29   33   38
    62.5-180.0 180.0   5.0 450.0                            LAT/LON1/LON2/DLON/H
   37   41   46   51   55   57   59   59   60   61   62   63   64   65   66   68
   70   73   75   76   77   77   76   74   72   69   67   66   66   66   67   68
   68   67   66   64   61   58   54   49   45   41   38   35   34   32   32   31
   31   32   32   32   32   32   31   30   29   29   28   28   27   27   26   26
   25   25   25   24   25   26   28   32   37
    60.0-180.0 180.0   5.0 450.0                            LAT/LON1/LON2/DLON/H
   37   42   48   53   57   60   63   64   65   66   67   67   68   69   70   72
   74   76   78   79   79   79   77   76   73   71   70   69   69   70   71   71
   71   72   70   69   68   66   63   59   55   50   47   45   42   41   39   39
   37   36   36   36   35   35   35   34   33   32   32   32   31   31   30   30
   29   29   29   28   27   28   30   33   37
    57.5-180.0 180.0   5.0 450.0                            LAT/LON1/LON2/DLON/H
   40   45   50   56   61   65   68   70   71   71   72   72   73   74   76   77
   79   81   82   82   81   81   79   78   76   74   73   73   74   75   76   77
   77   76   76   75   75   74   72   69   65   62   58   55   53   51   49   48
   46   44   42   41   41   41   40   39   39   39   39   38   37   37   36   35
   35   35   34   33   32   32   33   35   40
    55.0-180.0 180.0   5.0 450.0                            LAT/LON1/LON2/DLON/H
   43   49   54   61   66   70   73   75   76   77   77   77   78   79   82   84
   86   86   86   85   83   82   80   79   78   78   79   79   81   82   82   82
   82   82   82   82   83   83   82   79   76   73   69   67   65   62   60   58
   55   53   50   49   49   48   48   48   48   47   47   46   45   44   43   42
   42   41   40   39   37   36   37   39   43
    52.5-180.0 180.0   5.0 450.0                            LAT/LON1/LON2/DLON/H
   47   52   59   65   71   75   79   81   83   84   84   85   85   86   89   91
   92   92   91   88   86   83   81   81   82   83   84   87   89   89   90   89
   89   89   89   90   92   92   92   90   87   84   81   79   76   73   71   67
   64   62   61   60   59   59   58   58   59   59   58   57   55   53   51   49
   48   47   46   44   42   41   41   43   47
    50.0-180.0 180.0   5.0 450.0                            LAT/LON1/LON2/DLON/H
   51   56   63   69   76   81   85   88   90   91   92   92   93   95   96   99
  100   99   97   93   89   86   84   85   87   89   92   95   97   98   98   98
   98   98   98  100  102  104  104  101   99   96   93   90   87   83   79   76
   73   71   71   70   70   69   69   69   70   71   71   68   65   62   58   56
   54   53   51   49   47   45   44   47   51
    47.5-180.0 180.0   5.0 450.0                            LAT/LON1/LON2/DLON/H
   53   59   66   73   80   86   90   94   97   99  101  101  102  103  105  108
  109  107  104  100   96   93   92   92   94   98  102  104  107  108  108  108
  109  109  110  112  115  116  116  114  110  107  104  100   96   91   87   84
   81   80   81   81   80   80   79   80   81   82   82   79   75   71   67   63
   60   57   55   53   50   48   47   49   53
    45.0-180.0 180.0   5.0 450.0                            LAT/LON1/LON2/DLON/H
   55   61   68   76   83   89   95  100  104  108  110  112  112  114  116  118
  120  118  115  110  107  104  103  104  106  110  112  115  116  118  118  120
  122  123  124  127  129  131  131  128  122  118  114  109  103   97   92   89
   88   89   89   89   89   89   88   89   90   92   91   89   84   79   73   69
   65   61   59   56   53   51   49   51   55
    42.5-180.0 180.0   5.0 450.0                            LAT/LON1/LON2/DLON/H
   56   63   70   78   86   92   99  105  111  116  120  123  124  125  128  131
  132  131  127  124  122  121  120  121  122  125  125  126  127  127  129  132
  136  138  141  144  147  148  146  141  134  128  123  116  109  102   97   95
   94   94   95   95   95   94   94   95   98   98   98   95   91   86   80   74
   69   65   62   59   56   53   51   52   56
    40.0-180.0 180.0   5.0 450.0                            LAT/LON1/LON2/DLON/H
   58   65   72   81   88   95  102  110  117  124  130  134  136  138  141  144
  145  144  142  140  140  142  142  142  142  141  140  138  137  138  140  145
  151  155  160  163  165  166  161  153  145  136  130  123  114  106  100   98
   98   97   98   97   96   96   96   98  101  103  102   99   95   90   84   78
   72   68   64   61   58   54   53   54   58
    37.5-180.0 180.0   5.0 450.0                            LAT/LON1/LON2/DLON/H
   60   67   76   85   92   99  107  114  123  132  140  147  150  153  156  158
  160  160  158  158  160  163  164  163  161  159  155  152  149  149  153  160
  168  174  179  183  184  182  175  164  153  143  135  127  118  109  103  101
   99   99   98   96   95   94   96   99  101  103  102  100   97   93   88   81
   74   69   66   63   59   56   54   55   60
    35.0-180.0 180.0   5.0 450.0                            LAT/LON1/LON2/DLON/H
   64   72   81   90   98  106  112  121  130  140  150  158  164  167  170  173
  175  174  174  175  179  183  184  183  180  176  171  165  162  162  167  175
  185  193  198  202  201  196  186  172  158  147  137  129  120  111  104  101
   99   98   95   92   90   90   92   95   98  101  101   99   97   94   88   81
   75   69   66   63   60   56   56   58   64
    32.5-180.0 180.0   5.0 450.0                            LAT/LON1/LON2/DLON/H
   67   77   88   98  106  114  121  129  137  148  159  169  176  181  185  187
  188  188  189  191  196  200  201  198  196  191  186  180  177  178  183  193
  202  211  217  219  216  207  193  176  160  147  138  129  120  111  104  100
   97   93   90   87   85   85   86   89   93   96   98   97   95   92   88   81
   75   69   66   63   60   57   57   60   67
    30.0-180.0 180.0   5.0 450.0                            LAT/LON1/LON2/DLON/H
   70   83   95  107  116  125  132  139  147  156  167  178  187  193  197  199
  201  202  203  206  209  212  212  210  208  205  200  197  194  196  202  211
  221  229  234  233  226  214  196  177  158  144  136  127  118  108  101   96
   91   87   82   78   76   77   79   82   85   89   93   94   92   89   84   79
   73   68   64   62   59   57   57   61   70
    27.5-180.0 180.0   5.0 450.0                            LAT/LON1/LON2/DLON/H
   73   88  103  116  128  137  145  151  158  166  175  185  194  202  207  210
  212  214  216  219  222  224  222  220  218  218  216  214  215  218  223  232
  241  247  249  244  232  216  195  174  156  141  132  123  114  103   96   89
   84   78   74   70   69   69   71   74   78   83   88   90   88   85   81   76
   71   67   63   60   57   56   57   63   73
    25.0-180.0 180.0   5.0 450.0                            LAT/LON1/LON2/DLON/H
   75   92  110  126  139  150  158  165  169  174  181  190  200  208  215  219
  222  226  229  232  235  235  233  230  231  233  233  235  238  243  249  255
  262  265  263  253  237  216  193  171  151  138  128  119  108   98   89   81
   75   70   65   62   62   62   64   67   71   77   83   85   84   80   77   73
   69   64   61   58   55   54   56   63   75
    22.5-180.0 180.0   5.0 450.0                            LAT/LON1/LON2/DLON/H
   76   95  115  133  148  161  171  176  179  181  185  192  202  212  221  227
  232  238  243  247  249  249  246  245  247  250  253  258  264  272  277  281
  283  282  274  260  240  217  193  169  148  135  126  116  104   92   82   74
   67   63   58   56   56   58   60   62   67   74   80   82   80   77   74   71
   67   62   59   56   54   52   54   62   76
    20.0-180.0 180.0   5.0 450.0                            LAT/LON1/LON2/DLON/H
   77   97  119  138  154  168  180  185  187  188  189  194  203  216  226  235
  242  249  257  262  266  266  264  263  266  271  276  282  291  301  306  306
  303  297  285  266  244  219  194  169  148  135  125  114  101   88   78   69
   63   58   55   54   54   55   58   61   66   72   78   79   78   74   71   68
   65   61   57   54   52   50   53   62   77
    17.5-180.0 180.0   5.0 450.0                            LAT/LON1/LON2/DLON/H
   78   98  121  141  159  173  184  191  193  193  192  196  205  218  232  243
  253  263  271  279  284  286  285  285  289  295  300  307  317  327  331  328
  320  309  294  273  249  225  199  173  151  138  128  116  102   88   77   69
   63   59   56   54   54   55   58   62   67   73   77   78   76   73   70   66
   63   60   56   54   51   51   53   62   78
    15.0-180.0 180.0   5.0 450.0                            LAT/LON1/LON2/DLON/H
   79   99  121  141  159  174  186  193  196  196  196  199  208  222  237  252
  265  277  287  296  303  306  306  308  312  317  322  327  338  347  349  342
  331  317  301  280  257  234  208  181  158  143  134  121  106   93   82   73
   67   62   59   57   56   57   60   66   71   75   77   77   74   71   68   66
   62   59   56   53   51   52   55   64   79
    12.5-180.0 180.0   5.0 450.0                            LAT/LON1/LON2/DLON/H
   81  100  121  141  158  173  184  192  197  199  199  203  212  227  244  263
  280  294  305  315  321  325  327  330  334  337  340  344  351  357  356  346
  333  320  304  286  267  246  220  193  169  153  142  129  114  101   90   81
   74   68   63   61   59   61   64   69   74   77   77   76   73   71   67   65
   62   58   56   54   53   54   57   66   81
    10.0-180.0 180.0   5.0 450.0                            LAT/LON1/LON2/DLON/H
   82  100  120  139  155  169  181  190  196  201  203  208  217  232  252  275
  295  312  324  332  338  342  345  347  350  352  352  352  355  357  354  342
  331  320  308  295  279  260  235  208  183  166  153  138  124  111   99   89
   81   73   68   64   63   63   68   73   78   79   78   75   73   69   67   64
   62   59   57   55   55   57   60   69   82
     7.5-180.0 180.0   5.0 450.0                            LAT/LON1/LON2/DLON/H
   84  101  119  136  152  164  177  186  195  202  207  213  223  238  260  286
  310  330  342  348  351  354  357  360  361  361  358  354  352  350  344  335
  326  319  313  304  292  275  252  224  199  180  163  147  133  120  107   96
   86   77   70   66   65   67   71   77   80   80   78   75   71   68   66   63
   61   60   58   56   57   58   63   71   84
     5.0-180.0 180.0   5.0 450.0                            LAT/LON1/LON2/DLON/H
   85  101  118  134  148  161  172  183  193  203  212  219  230  244  266  295
  323  344  356  360  361  361  365  367  367  365  360  353  346  341  335  328
  324  322  321  318  309  291  267  239  212  190  171  154  139  126  112  100
   88   78   71   66   66   69   74   78   81   80   77   74   70   67   64   62
   61   60   59   58   58   61   65   73   85
     2.5-180.0 180.0   5.0 450.0                            LAT/LON1/LON2/DLON/H
   86  102  118  133  146  158  170  181  193  205  216  225  235  249  270  299
  328  351  363  365  364  363  366  368  369  365  358  349  340  334  329  327
  328  330  333  333  324  305  277  248  220  196  174  155  140  126  113  100
   88   77   70   65   65   70   75   79   79   78   75   72   69   66   64   63
   62   61   60   60   60   62   66   74   86
