data/igrg2680.20i
     1.0            IONOSPHERE MAPS     MIX                 IONEX VERSION / TYPE
tecrms2ionex_2.awk  GRL/UWM            09/25/20 2009UT      PGM / RUN BY / DATE
Global ionosphere maps for day 268, 2020 (24- 9-2020)       DESCRIPTION
IONEX file containing the COMBINED IGS Ionosphere maps      DESCRIPTION
from the combination of the following IAACs:                DESCRIPTION
esrg                                                        DESCRIPTION
jprg                                                        DESCRIPTION
Contact address: Andrzej Krankowski                         DESCRIPTION
                 Geodynamics Research Laboratory            DESCRIPTION
                 University of Warmia and Mazury (GRL/UWM)  DESCRIPTION
                 Oczapowski St. 1                           DESCRIPTION
                 10-957-Olsztyn, POLAND                     DESCRIPTION
                 e-mail:  kand@uwm.edu.pl                   DESCRIPTION
                                                            DESCRIPTION
  2020     9    24     0     0     0                        EPOCH OF FIRST MAP
  2020     9    25     0     0     0                        EPOCH OF LAST MAP
  7200                                                      INTERVAL
    13                                                      # OF MAPS IN FILE
  COSZ                                                      MAPPING FUNCTION
     0.0                                                    ELEVATION CUTOFF
Combined TEC calculated as weighted mean of input TEC valuesOBSERVABLES USED
   342                                                      # OF STATIONS
    30                                                      # OF SATELLITES
  6371.0                                                    BASE RADIUS
     2                                                      MAP DIMENSION
   450.0 450.0   0.0                                        HGT1 / HGT2 / DHGT
    87.5 -87.5  -2.5                                        LAT1 / LAT2 / DLAT
  -180.0 180.0   5.0                                        LON1 / LON2 / DLON
    -1                                                      EXPONENT
TEC values in  0.1 TECUs; 9999 if no value available        COMMENT
DCB values in nanoseconds, reference is Sum_of_SatDCBs = 0  COMMENT
                                                            END OF HEADER
[from data line 4719]
    12                                                      START OF TEC MAP
  2020     9    24    22     0     0                        EPOCH OF CURRENT MAP
    87.5-180.0 180.0   5.0 450.0                            LAT/LON1/LON2/DLON/H
   40   40   41   41   41   42   42   42   43   43   43   43   43   43   43   43
   43   43   43   42   42   42   41   41   41   40   40   39   39   38   38   38
   37   37   36   36   35   35   35   34   34   34   34   34   33   33   33   33
   33   33   33   33   33   33   34   34   34   34   35   35   35   35   36   36
   36   37   37   38   38   39   39   39   40
    85.0-180.0 180.0   5.0 450.0                            LAT/LON1/LON2/DLON/H
   42   43   44   45   46   47   47   48   49   50   50   51   51   51   51   51
   51   50   50   49   48   47   46   45   44   44   43   42   41   40   39   38
   37   36   35   34   34   33   33   33   32   32   32   31   31   31   31   31
   31   31   31   31   32   32   32   32   32   32   32   33   33   33   34   34
   35   36   36   37   38   39   40   41   42
    82.5-180.0 180.0   5.0 450.0                            LAT/LON1/LON2/DLON/H
   45   46   48   50   51   52   54   55   55   56   57   58   58   58   58   58
   58   57   56   55   54   52   51   49   48   46   45   43   42   41   39   38
   36   36   35   34   33   32   32   31   31   31   30   30   30   30   30   30
   30   30   30   30   30   30   30   30   31   31   31   32   32   32   33   34
   35   36   37   38   39   41   42   44   45
    80.0-180.0 180.0   5.0 450.0                            LAT/LON1/LON2/DLON/H
   48   49   51   53   55   56   57   58   60   61   63   64   64   65   65   65
   64   63   61   60   58   56   54   52   49   48   46   44   42   41   39   37
   37   35   34   33   32   32   31   31   30   29   29   29   29   29   29   29
   29   30   30   30   30   29   30   30   30   31   31   31   31   32   33   34
   35   36   38   39   41   42   44   46   48
    77.5-180.0 180.0   5.0 450.0                            LAT/LON1/LON2/DLON/H
   50   52   53   55   56   58   59   61   62   64   66   67   68   69   69   69
   68   67   65   63   61   58   55   53   50   48   46   44   41   39   38   37
   35   34   33   32   32   31   30   29   29   29   28   28   28   28   28   28
   28   28   29   29   29   29   29   29   30   29   30   31   31   32   33   34
   35   37   38   41   42   44   46   48   50
    75.0-180.0 180.0   5.0 450.0                            LAT/LON1/LON2/DLON/H
   51   53   54   55   56   58   59   61   62   65   67   69   70   72   72   72
   71   69   66   64   61   58   55   52   49   46   44   42   40   38   36   35
   34   32   31   30   29   29   28   28   27   26   26   26   26   26   26   26
   27   27   27   27   27   28   28   28   28   28   29   30   30   32   33   35
   36   38   40   41   44   46   48   49   51
    72.5-180.0 180.0   5.0 450.0                            LAT/LON1/LON2/DLON/H
   52   54   55   55   56   56   58   59   62   64   67   69   72   73   73   73
   72   69   67   63   60   57   53   50   47   45   42   40   39   37   35   33
   31   30   29   28   27   27   25   25   24   24   23   23   22   23   23   24
   24   25   25   26   25   26   26   27   26   27   28   29   30   31   33   35
   37   39   41   43   45   47   49   51   52
    70.0-180.0 180.0   5.0 450.0                            LAT/LON1/LON2/DLON/H
   54   55   55   56   56   56   57   58   61   64   66   69   72   73   74   73
   72   69   66   63   59   55   51   47   45   43   40   39   37   36   33   31
   29   27   26   24   24   23   23   22   21   20   19   19   19   20   21   21
   22   23   23   24   24   24   24   24   25   25   26   27   28   31   33   35
   38   40   42   44   46   48   50   52   54
    67.5-180.0 180.0   5.0 450.0                            LAT/LON1/LON2/DLON/H
   55   56   58   57   57   57   57   58   60   63   65   68   71   72   72   72
   70   68   66   62   58   54   50   47   44   41   40   39   37   36   33   30
   27   24   23   22   21   21   20   19   18   17   16   16   16   17   19   20
   21   22   23   22   23   23   23   23   23   23   24   26   28   31   33   36
   38   41   43   45   47   50   51   53   55
    65.0-180.0 180.0   5.0 450.0                            LAT/LON1/LON2/DLON/H
   57   59   59   60   60   59   59   59   61   63   66   68   70   70   71   71
   70   69   66   64   60   56   52   48   45   43   40   39   38   36   33   30
   27   24   21   21   20   20   20   18   17   15   14   14   14   16   18   20
   21   22   22   23   23   23   22   22   22   23   24   26   28   31   34   37
   40   42   45   46   48   50   53   55   57
    62.5-180.0 180.0   5.0 450.0                            LAT/LON1/LON2/DLON/H
   60   62   63   63   62   61   61   62   62   64   65   67   69   70   71   71
   71   70   68   66   63   58   55   50   47   44   42   41   39   37   34   31
   28   24   23   22   22   23   23   21   19   17   15   15   16   18   20   22
   23   24   24   24   24   23   23   23   23   23   24   26   29   32   35   39
   42   44   46   48   50   52   55   57   60
    60.0-180.0 180.0   5.0 450.0                            LAT/LON1/LON2/DLON/H
   63   65   66   67   67   66   66   65   66   66   67   69   70   71   72   73
   73   73   72   70   67   62   59   54   51   48   45   43   42   40   37   33
   30   27   25   26   26   27   27   26   23   22   20   20   21   23   25   27
   28   28   28   27   27   27   26   26   26   26   27   29   31   34   37   41
   44   47   49   50   52   54   57   59   63
    57.5-180.0 180.0   5.0 450.0                            LAT/LON1/LON2/DLON/H
   65   69   71   72   73   72   71   70   70   70   70   71   72   73   75   76
   77   78   76   74   71   67   63   59   55   52   49   47   45   43   40   37
   34   32   31   31   33   34   34   33   32   29   28   28   30   31   33   34
   34   34   34   33   32   32   31   31   30   31   31   32   35   38   42   45
   47   50   51   52   54   57   60   62   65
    55.0-180.0 180.0   5.0 450.0                            LAT/LON1/LON2/DLON/H
   69   72   76   78   79   79   78   77   75   74   74   74   75   77   79   81
   82   82   81   78   75   71   67   64   60   56   54   52   50   48   45   42
   40   38   38   39   40   42   43   42   41   40   39   39   40   41   42   42
   42   42   41   41   40   40   39   39   38   38   38   39   40   43   46   48
   51   53   55   55   57   59   62   65   69
    52.5-180.0 180.0   5.0 450.0                            LAT/LON1/LON2/DLON/H
   73   78   82   86   88   87   86   84   82   80   79   79   80   82   85   87
   88   87   85   81   78   75   72   68   65   62   60   58   56   54   51   49
   47   46   47   48   49   51   51   51   50   50   50   50   51   52   51   51
   52   51   51   51   51   50   49   48   48   47   46   46   46   48   51   53
   55   57   57   59   60   62   65   68   73
    50.0-180.0 180.0   5.0 450.0                            LAT/LON1/LON2/DLON/H
   78   83   89   93   96   97   96   94   91   88   86   86   86   89   91   93
   94   91   88   85   82   79   76   74   71   68   67   64   63   60   57   56
   54   55   55   56   58   59   60   60   59   60   60   61   61   61   61   61
   61   61   62   62   62   62   61   60   59   57   55   54   53   54   56   58
   59   60   61   62   63   66   69   73   78
    47.5-180.0 180.0   5.0 450.0                            LAT/LON1/LON2/DLON/H
   84   89   95  101  104  106  107  104  101   98   95   94   94   96   99  101
  100   98   93   89   86   83   82   80   78   76   74   72   70   67   64   62
   61   63   64   65   66   67   67   67   68   68   69   70   70   70   69   70
   71   72   73   73   73   72   72   71   69   66   64   61   60   61   62   63
   64   64   65   66   68   70   74   78   84
    45.0-180.0 180.0   5.0 450.0                            LAT/LON1/LON2/DLON/H
   90   95  101  107  112  115  117  116  112  108  105  103  103  105  107  108
  107  103   99   94   91   90   88   88   86   85   83   81   78   73   70   68
   68   69   71   73   74   73   73   74   75   76   77   77   77   76   77   78
   79   81   82   83   82   82   81   80   78   75   71   69   66   66   67   68
   68   69   70   71   73   75   79   84   90
    42.5-180.0 180.0   5.0 450.0                            LAT/LON1/LON2/DLON/H
   95  100  106  112  117  122  125  126  123  119  114  112  112  113  115  116
  115  111  105  101   98   98   97   96   95   95   93   89   85   79   75   73
   74   75   76   78   79   79   79   79   81   83   84   84   83   83   84   86
   88   89   90   89   88   88   86   85   84   81   78   74   72   72   73   73
   74   75   75   77   78   80   85   89   95
    40.0-180.0 180.0   5.0 450.0                            LAT/LON1/LON2/DLON/H
  100  105  110  116  121  127  132  135  134  129  125  121  121  121  123  124
  122  119  114  109  107  106  106  107  106  105  102   97   92   85   79   77
   77   78   80   82   84   84   85   85   87   89   91   90   89   88   90   91
   93   94   93   93   91   89   89   87   86   84   81   79   77   77   78   79
   80   81   83   84   84   87   90   95  100
    37.5-180.0 180.0   5.0 450.0                            LAT/LON1/LON2/DLON/H
  105  109  113  118  123  131  138  143  143  138  132  128  127  129  130  131
  130  126  121  117  115  115  116  116  115  113  110  104   97   88   82   79
   78   79   81   83   87   89   90   91   94   96   97   96   95   94   95   97
   98   97   94   92   90   89   88   87   86   84   83   81   81   82   83   85
   86   88   90   92   92   93   97  100  105
    35.0-180.0 180.0   5.0 450.0                            LAT/LON1/LON2/DLON/H
  109  113  116  120  125  134  143  149  150  146  139  135  134  135  136  137
  136  133  129  125  123  123  123  123  122  119  113  107   98   90   83   80
   78   79   81   85   90   93   95   97  100  102  103  102  100   99   99   99
   99   97   93   89   86   85   84   83   83   82   82   83   85   86   87   90
   92   95   98  100  100  101  103  106  109
    32.5-180.0 180.0   5.0 450.0                            LAT/LON1/LON2/DLON/H
  115  116  118  122  127  136  146  154  156  152  146  142  140  141  142  143
  141  139  135  131  128  127  127  126  124  120  112  104   97   89   83   79
   78   78   81   86   93   98  101  102  105  107  108  107  104  101  100   99
   98   93   89   84   80   78   77   77   78   79   80   83   86   89   91   94
   97  101  105  108  108  109  110  112  115
    30.0-180.0 180.0   5.0 450.0                            LAT/LON1/LON2/DLON/H
  120  121  122  125  130  138  149  158  162  160  154  150  149  149  150  150
  147  143  139  135  131  129  127  125  122  116  108   99   93   87   82   79
   77   78   81   88   96  101  105  107  109  111  111  110  105  102   99   97
   94   88   81   76   73   71   70   70   70   73   76   81   86   91   94   97
  100  105  111  114  116  117  117  118  120
    27.5-180.0 180.0   5.0 450.0                            LAT/LON1/LON2/DLON/H
  127  128  128  130  135  143  153  163  168  169  165  162  161  161  162  159
  155  149  144  138  133  128  125  122  118  111  102   94   89   86   82   79
   77   79   83   90   99  105  107  109  111  113  112  109  104   99   95   91
   86   80   74   68   65   63   63   62   64   66   71   78   86   91   96  100
  104  109  115  120  123  124  125  126  127
    25.0-180.0 180.0   5.0 450.0                            LAT/LON1/LON2/DLON/H
  137  137  137  137  141  148  158  169  176  180  180  178  179  181  179  174
  166  158  150  142  134  127  122  118  114  107   99   93   90   87   83   80
   79   81   86   93  101  106  108  109  110  111  109  105   99   93   89   84
   78   71   65   61   58   57   56   57   57   60   66   75   85   93   98  102
  106  111  119  125  129  132  134  135  137
    22.5-180.0 180.0   5.0 450.0                            LAT/LON1/LON2/DLON/H
  148  149  148  148  151  157  166  177  187  194  198  200  203  206  203  194
  183  170  159  148  138  128  120  116  113  108  103   99   97   93   89   83
   81   83   89   95  100  104  105  106  107  106  104   99   91   86   81   75
   69   62   57   54   53   53   52   51   52   55   62   73   85   94  101  105
  109  114  121  130  137  142  145  146  148
    20.0-180.0 180.0   5.0 450.0                            LAT/LON1/LON2/DLON/H
  163  163  162  161  163  168  177  189  201  212  218  225  232  236  233  221
  206  189  173  159  145  132  122  118  117  116  114  113  111  105   97   88
   84   86   91   95   97   99  100  100  101  100   97   90   84   78   74   68
   61   55   51   49   49   49   49   49   50   52   59   71   84   96  105  109
  113  118  127  135  145  152  156  160  163
    17.5-180.0 180.0   5.0 450.0                            LAT/LON1/LON2/DLON/H
  179  180  179  177  178  183  192  204  217  230  242  252  263  270  266  253
  233  213  193  174  157  141  130  125  127  131  134  134  130  121  108   95
   87   87   90   91   92   92   92   93   94   93   90   83   76   71   68   62
   56   50   48   46   47   48   48   48   49   50   57   70   85   99  110  115
  118  123  132  143  154  163  170  176  179
    15.0-180.0 180.0   5.0 450.0                            LAT/LON1/LON2/DLON/H
  197  199  197  196  197  203  212  223  236  250  265  281  296  305  302  287
  265  241  218  196  175  156  143  138  142  150  157  159  152  138  120  102
   91   88   88   86   85   84   84   86   88   87   83   77   71   68   64   59
   54   49   46   45   46   47   48   49   48   50   56   67   84  102  115  122
  125  130  139  152  165  177  186  193  197
    12.5-180.0 180.0   5.0 450.0                            LAT/LON1/LON2/DLON/H
  216  218  217  216  218  226  236  245  255  270  288  307  327  339  337  322
  299  274  248  224  200  179  162  158  163  173  181  183  173  154  131  110
   96   88   85   80   78   77   78   81   84   83   80   74   69   66   63   59
   54   49   46   45   45   47   49   49   50   49   54   66   84  103  120  128
  132  137  147  161  177  191  203  211  216
    10.0-180.0 180.0   5.0 450.0                            LAT/LON1/LON2/DLON/H
  233  235  236  237  242  252  262  268  275  288  307  330  353  367  367  354
  332  307  281  257  232  207  189  183  187  196  204  202  189  167  142  118
  102   90   83   77   74   73   75   80   83   82   78   74   69   67   64   60
   55   51   47   45   45   46   48   49   50   49   53   64   82  104  122  134
  139  145  155  170  187  204  218  228  233
     7.5-180.0 180.0   5.0 450.0                            LAT/LON1/LON2/DLON/H
  248  250  252  257  266  279  290  293  294  305  323  348  370  386  389  379
  361  338  315  292  267  241  221  212  213  219  222  217  201  176  150  127
  108   95   85   78   74   74   77   82   84   82   79   74   71   69   65   61
   56   51   48   46   44   44   47   49   49   48   51   61   79  103  124  137
  145  151  162  177  196  215  230  241  248
     5.0-180.0 180.0   5.0 450.0                            LAT/LON1/LON2/DLON/H
  256  259  264  273  287  305  316  315  312  318  335  358  379  394  399  394
  379  361  342  323  299  273  252  241  239  238  237  227  207  183  157  134
  116  103   92   85   80   79   82   86   87   84   79   76   74   71   66   61
   56   52   48   45   44   43   45   49   50   48   49   58   75  101  125  140
  148  156  167  182  202  221  237  249  256
     2.5-180.0 180.0   5.0 450.0                            LAT/LON1/LON2/DLON/H
  256  261  269  282  301  323  336  334  326  329  342  359  375  388  393  392
  385  372  360  345  324  300  279  267  260  254  245  231  209  184  160  139
  124  113  103   95   90   86   87   90   89   84   80   77   75   72   66   61
   56   52   49   46   44   42   44   47   49   48   48   56   73   99  124  140
  150  158  168  184  203  221  237  249  256
