data/igrg2680.20i
     1.0            IONOSPHERE MAPS     MIX                 IONEX VERSION / TYPE
tecrms2ionex_2.awk  GRL/UWM            09/25/20 2009UT      PGM / RUN BY / DATE
Global ionosphere maps for day 268, 2020 (24- 9-2020)       DESCRIPTION
IONEX file containing the COMBINED IGS Ionosphere maps      DESCRIPTION
from the combination of the following IAACs:                DESCRIPTION
esrg                                                        DESCRIPTION
jprg                                                        DESCRIPTION
Contact address: Andrzej Krankowski                         DESCRIPTION
                 Geodynamics Research Laboratory            DESCRIPTION
                 University of Warmia and Mazury (GRL/UWM)  DESCRIPTION
                 Oczapowski St. 1                           DESCRIPTION
                 10-957-Olsztyn, POLAND                     DESCRIPTION
                 e-mail:  kand@uwm.edu.pl                   DESCRIPTION
                                                            DESCRIPTION
  2020     9    24     0     0     0                        EPOCH OF FIRST MAP
  2020     9    25     0     0     0                        EPOCH OF LAST MAP
  7200                                                      INTERVAL
    13                                                      # OF MAPS IN FILE
  COSZ                                                      MAPPING FUNCTION
     0.0                                                    ELEVATION CUTOFF
Combined TEC calculated as weighted mean of input TEC valuesOBSERVABLES USED
   342                                                      # OF STATIONS
    30                                                      # OF SATELLITES
  6371.0                                                    BASE RADIUS
     2                                                      MAP DIMENSION
   450.0 450.0   0.0                                        HGT1 / HGT2 / DHGT
    87.5 -87.5  -2.5                                        LAT1 / LAT2 / DLAT
  -180.0 180.0   5.0                                        LON1 / LON2 / DLON
    -1                                                      EXPONENT
TEC values in  0.1 TECUs; 9999 if no value available        COMMENT
DCB values in nanoseconds, reference is Sum_of_SatDCBs = 0  COMMENT
                                                            END OF HEADER
[from data line 5148]
    13                                                      START OF TEC MAP
  2020     9    25     0     0     0                        EPOCH OF CURRENT MAP
    87.5-180.0 180.0   5.0 450.0                            LAT/LON1/LON2/DLON/H
   57   57   57   57   58   58   58   58   58   58   58   58   58   58   57   57
   56   56   55   54   54   53   52   52   51   51   50   49   49   48   48   47
   47   46   46   45   45   45   44   44   44   44   44   44   44   44   44   44
   44   45   45   45   46   46   46   47   47   48   49   49   50   50   51   52
   52   53   54   54   55   55   56   56   57
    85.0-180.0 180.0   5.0 450.0                            LAT/LON1/LON2/DLON/H
   61   61   62   63   64   64   65   65   65   65   65   65   64   64   63   63
   62   61   59   58   57   56   54   53   51   50   49   48   47   46   45   44
   43   42   42   41   41   41   41   40   40   40   40   40   40   40   40   40
   41   41   42   42   43   43   44   45   45   46   47   48   49   50   51   52
   53   54   55   56   57   58   59   60   61
    82.5-180.0 180.0   5.0 450.0                            LAT/LON1/LON2/DLON/H
   63   64   65   66   67   68   70   70   70   71   71   71   71   70   69   67
   65   64   62   60   58   56   54   53   51   49   48   46   45   43   43   42
   41   41   40   39   39   39   38   38   38   38   38   39   39   38   38   39
   39   39   39   40   41   41   42   43   44   45   46   47   48   50   51   52
   53   55   55   57   58   59   60   62   63
    80.0-180.0 180.0   5.0 450.0                            LAT/LON1/LON2/DLON/H
   63   64   66   67   69   70   72   73   74   75   75   75   75   74   72   70
   68   65   63   60   58   56   54   51   49   48   46   44   43   42   42   41
   40   39   39   38   38   38   38   38   38   38   39   38   38   39   38   38
   38   38   38   38   39   40   41   42   43   43   45   47   47   49   50   52
   53   54   55   57   58   59   60   61   63
    77.5-180.0 180.0   5.0 450.0                            LAT/LON1/LON2/DLON/H
   61   63   64   66   67   70   71   74   75   76   77   77   77   76   74   71
   68   65   62   59   56   53   51   49   47   45   44   43   42   42   41   40
   40   39   38   38   38   38   38   39   39   39   39   39   39   39   38   38
   38   37   37   37   38   38   39   40   41   43   44   45   47   48   50   51
   52   54   55   55   57   58   59   60   61
    75.0-180.0 180.0   5.0 450.0                            LAT/LON1/LON2/DLON/H
   59   60   62   63   66   68   69   72   73   75   76   77   76   75   73   70
   67   63   59   56   52   49   47   45   44   43   42   42   41   41   40   40
   39   39   39   38   38   38   38   39   39   39   39   39   39   39   37   37
   37   36   35   36   36   37   38   39   40   41   43   45   46   48   49   50
   52   53   54   54   56   56   57   58   59
    72.5-180.0 180.0   5.0 450.0                            LAT/LON1/LON2/DLON/H
   58   59   60   61   63   65   67   69   70   72   73   74   74   73   70   68
   64   60   56   51   48   45   43   41   41   40   40   39   39   39   39   39
   39   38   38   38   38   37   38   38   38   38   38   38   37   37   36   35
   34   33   33   33   33   35   35   38   39   41   42   44   46   48   49   51
   52   53   53   54   55   56   56   57   58
    70.0-180.0 180.0   5.0 450.0                            LAT/LON1/LON2/DLON/H
   57   57   58   60   61   62   64   65   67   69   70   70   71   70   68   66
   62   57   53   48   44   41   39   38   38   38   37   37   37   37   36   36
   36   36   36   36   36   36   35   35   35   35   35   35   34   33   33   32
   31   30   30   30   31   33   34   36   38   40   43   45   47   48   50   51
   52   53   54   55   56   55   56   57   57
    67.5-180.0 180.0   5.0 450.0                            LAT/LON1/LON2/DLON/H
   58   58   58   59   60   61   62   63   65   66   67   68   69   68   67   64
   60   55   51   46   42   39   37   36   36   36   36   35   34   34   33   33
   33   33   33   33   33   32   32   32   32   32   31   31   31   30   29   28
   27   27   27   28   29   31   33   35   38   41   44   46   48   50   51   53
   54   54   55   56   56   57   57   57   58
    65.0-180.0 180.0   5.0 450.0                            LAT/LON1/LON2/DLON/H
   60   60   60   60   61   61   62   63   64   65   66   67   68   68   67   65
   61   55   50   46   41   39   37   36   35   35   34   32   31   30   29   29
   28   30   30   30   29   30   29   29   28   28   28   28   27   27   27   26
   25   25   25   27   28   30   33   36   39   43   46   50   52   54   55   56
   56   57   57   57   58   58   59   59   60
    62.5-180.0 180.0   5.0 450.0                            LAT/LON1/LON2/DLON/H
   62   63   63   63   64   64   65   65   66   66   67   67   68   69   68   66
   63   57   51   46   43   40   38   37   36   34   33   31   28   26   25   26
   26   26   27   27   27   27   26   26   26   25   26   26   26   26   26   25
   25   25   26   27   29   32   34   38   42   46   50   54   57   59   59   60
   60   60   60   60   60   60   61   62   62
    60.0-180.0 180.0   5.0 450.0                            LAT/LON1/LON2/DLON/H
   67   67   67   67   67   68   69   69   69   69   69   69   70   71   71   70
   66   61   55   50   45   42   40   38   37   35   32   30   27   24   24   24
   24   25   26   26   26   26   26   26   26   26   26   27   27   27   27   27
   27   27   28   29   32   34   38   42   47   51   55   59   62   64   65   65
   65   64   64   63   63   64   65   66   67
    57.5-180.0 180.0   5.0 450.0                            LAT/LON1/LON2/DLON/H
   73   73   72   72   72   73   73   74   74   73   72   72   73   75   76   74
   70   64   58   53   49   45   42   40   38   36   33   30   27   25   24   25
   26   27   28   28   29   28   28   28   29   30   31   32   32   32   32   31
   31   31   33   34   37   40   43   47   52   56   60   64   67   69   70   70
   69   68   68   68   68   69   71   72   73
    55.0-180.0 180.0   5.0 450.0                            LAT/LON1/LON2/DLON/H
   80   80   78   78   78   78   79   80   80   78   77   77   78   79   81   80
   75   69   63   57   52   48   45   43   40   38   35   31   30   28   28   28
   30   31   32   32   33   34   35   36   36   37   38   39   39   39   38   37
   38   39   40   42   44   46   50   54   58   62   66   70   72   74   75   75
   75   74   73   74   75   77   78   79   80
    52.5-180.0 180.0   5.0 450.0                            LAT/LON1/LON2/DLON/H
   88   87   86   85   85   84   85   86   86   85   83   82   83   85   86   85
   81   75   68   61   55   51   48   46   44   40   38   35   34   33   33   34
   36   36   37   38   39   41   43   45   46   47   48   48   47   47   46   46
   47   49   50   51   53   55   58   61   65   69   72   74   77   79   79   80
   80   80   80   81   82   85   86   88   88
    50.0-180.0 180.0   5.0 450.0                            LAT/LON1/LON2/DLON/H
   97   96   95   93   92   92   92   93   93   92   90   88   89   90   91   90
   86   80   73   66   60   55   52   50   47   45   42   39   39   39   39   41
   41   42   43   44   46   49   52   55   57   58   58   58   56   55   55   56
   58   59   61   61   62   63   66   69   72   75   78   80   82   84   84   85
   86   87   87   89   91   93   95   97   97
    47.5-180.0 180.0   5.0 450.0                            LAT/LON1/LON2/DLON/H
  106  105  104  101   99   98   99  100  100   99   97   96   96   97   97   95
   91   85   78   72   66   61   58   55   52   50   47   45   45   45   46   46
   47   47   48   49   52   57   61   65   67   68   68   67   65   64   64   65
   68   71   71   71   71   71   74   77   80   82   84   86   87   88   90   91
   92   93   95   97  100  103  104  105  106
    45.0-180.0 180.0   5.0 450.0                            LAT/LON1/LON2/DLON/H
  115  115  112  109  106  104  104  105  107  107  106  104  103  103  102  100
   96   91   85   79   74   70   66   63   60   57   54   52   51   51   50   50
   51   50   52   54   58   63   68   72   75   76   76   75   73   72   72   74
   78   81   81   80   78   78   81   84   87   89   91   92   94   95   96   98
   98  100  103  106  109  110  112  114  115
    42.5-180.0 180.0   5.0 450.0                            LAT/LON1/LON2/DLON/H
  122  122  121  116  111  108  108  110  113  115  114  112  111  109  108  105
  101   97   92   88   84   80   77   73   70   66   61   58   56   54   53   52
   53   53   55   58   63   68   73   77   81   83   83   82   80   80   80   82
   85   87   87   85   82   83   86   90   94   97   99  101  102  103  104  105
  105  107  109  113  115  117  119  120  122
    40.0-180.0 180.0   5.0 450.0                            LAT/LON1/LON2/DLON/H
  128  129  127  121  115  111  111  113  117  120  121  120  119  117  114  111
  107  103  101   98   95   92   89   85   80   74   68   64   59   57   55   54
   55   56   58   61   66   72   76   80   85   88   88   88   87   86   86   88
   90   91   90   87   84   85   90   95  100  105  108  109  111  112  113  113
  113  114  115  117  120  121  124  126  128
    37.5-180.0 180.0   5.0 450.0                            LAT/LON1/LON2/DLON/H
  132  133  131  125  118  114  113  116  120  125  127  127  127  125  122  118
  113  111  109  109  106  104  100   96   90   83   75   68   62   58   55   55
   56   58   62   66   70   74   78   83   88   92   94   94   93   92   91   92
   92   91   89   85   82   85   91   99  105  111  115  117  119  121  121  121
  120  120  120  122  123  124  127  130  132
    35.0-180.0 180.0   5.0 450.0                            LAT/LON1/LON2/DLON/H
  136  136  134  129  122  118  117  120  125  130  133  135  134  133  130  125
  120  117  117  116  115  113  109  104   98   89   79   70   63   58   56   56
   58   63   67   71   74   77   80   84   90   96   99  100   98   96   94   93
   92   88   84   80   79   82   90  100  109  116  120  124  126  128  128  128
  126  125  125  126  126  128  129  133  136
    32.5-180.0 180.0   5.0 450.0                            LAT/LON1/LON2/DLON/H
  139  139  137  133  128  125  124  127  133  138  141  143  143  142  139  134
  128  124  123  122  120  117  113  108  101   92   81   72   63   58   56   58
   62   67   72   75   78   80   82   86   93   99  103  103  101   98   95   91
   88   83   78   73   73   78   88   99  110  118  124  128  132  134  135  133
  131  130  129  130  131  132  134  137  139
    30.0-180.0 180.0   5.0 450.0                            LAT/LON1/LON2/DLON/H
  145  145  143  139  136  134  136  140  144  148  151  151  151  151  148  142
  136  131  127  124  120  116  111  107  101   92   82   72   64   59   58   61
   66   73   77   80   82   83   85   87   94  101  105  105  101   96   92   87
   81   75   69   65   66   72   83   97  109  119  125  130  134  137  138  137
  135  134  135  138  139  140  142  144  145
    27.5-180.0 180.0   5.0 450.0                            LAT/LON1/LON2/DLON/H
  155  153  150  148  147  149  153  158  161  163  164  163  162  161  158  151
  143  135  129  123  117  112  107  103   98   90   82   72   65   62   62   66
   72   77   81   82   83   85   87   89   94  100  104  103   97   91   85   79
   72   65   59   56   58   65   78   94  108  118  126  131  136  139  141  140
  139  140  143  147  151  153  154  155  155
    25.0-180.0 180.0   5.0 450.0                            LAT/LON1/LON2/DLON/H
  170  167  163  160  162  167  174  180  184  183  180  177  175  172  168  160
  150  140  130  121  113  106  102   98   94   89   82   74   69   67   68   72
   77   81   82   82   83   86   87   89   93   98   99   96   89   82   75   69
   62   55   50   48   51   59   73   90  107  118  125  131  136  140  142  143
  143  147  153  160  167  169  171  171  170
    22.5-180.0 180.0   5.0 450.0                            LAT/LON1/LON2/DLON/H
  190  186  179  176  180  188  199  207  210  207  202  196  191  186  180  170
  158  144  132  120  110  102   98   95   93   89   84   79   75   74   77   80
   83   84   83   80   81   84   85   87   89   92   91   86   78   71   64   58
   52   46   42   41   45   54   70   88  106  118  126  131  137  142  146  148
  150  155  165  175  184  188  190  191  190
    20.0-180.0 180.0   5.0 450.0                            LAT/LON1/LON2/DLON/H
  212  207  199  196  200  212  225  236  238  235  227  217  209  202  194  183
  167  151  136  122  110  102   98   95   93   91   88   85   83   84   85   87
   88   86   81   77   77   80   82   82   83   83   80   74   66   59   54   49
   45   40   37   37   42   52   68   89  108  120  128  134  140  146  151  154
  160  168  179  192  202  208  211  213  212
    17.5-180.0 180.0   5.0 450.0                            LAT/LON1/LON2/DLON/H
  236  231  221  216  221  235  252  265  269  265  255  243  233  223  212  198
  181  162  144  128  115  107  102   99   98   96   95   93   92   92   93   94
   92   87   80   74   73   75   76   77   78   75   70   62   55   49   45   42
   40   38   36   36   40   51   68   90  110  124  131  137  144  151  158  164
  172  182  194  207  218  224  230  235  236
    15.0-180.0 180.0   5.0 450.0                            LAT/LON1/LON2/DLON/H
  259  255  244  238  244  259  277  292  299  296  286  272  259  248  235  219
  199  179  158  140  126  117  112  108  105  104  103  102  101  100   99   98
   94   88   80   73   70   69   70   71   71   68   62   55   48   44   41   39
   39   38   37   37   41   51   70   93  114  128  136  142  150  159  167  176
  186  198  210  222  231  238  246  255  259
    12.5-180.0 180.0   5.0 450.0                            LAT/LON1/LON2/DLON/H
  279  277  267  260  266  281  299  315  324  324  315  302  287  276  262  245
  224  202  179  159  142  131  124  120  116  114  113  111  108  105  103  101
   96   89   81   73   68   65   65   66   67   64   58   51   45   41   40   39
   39   40   40   39   42   53   71   94  117  132  141  148  156  166  176  188
  200  212  224  234  241  249  258  271  279
    10.0-180.0 180.0   5.0 450.0                            LAT/LON1/LON2/DLON/H
  295  295  287  282  289  303  319  333  343  345  339  327  315  304  292  276
  255  233  208  185  164  150  140  133  129  127  124  120  114  108  103  101
   97   91   83   75   68   63   63   64   66   63   58   52   47   42   40   39
   41   42   42   41   43   53   72   96  118  134  144  152  163  174  185  198
  211  225  235  243  249  257  267  284  295
     7.5-180.0 180.0   5.0 450.0                            LAT/LON1/LON2/DLON/H
  307  310  305  303  311  323  336  346  354  357  354  345  336  328  319  305
  287  266  242  214  188  170  157  149  144  141  136  130  119  109  103  101
   98   94   87   78   70   65   63   65   66   64   61   55   50   45   41   41
   42   44   44   41   44   54   72   95  118  135  146  156  167  180  193  206
  220  233  243  249  254  261  274  292  307
     5.0-180.0 180.0   5.0 450.0                            LAT/LON1/LON2/DLON/H
  313  317  316  320  331  342  349  353  356  358  357  353  348  345  339  329
  314  296  273  243  212  189  174  163  158  155  149  139  124  111  104  101
   99   98   92   84   75   69   68   68   68   67   64   60   54   48   43   41
   43   44   43   42   44   54   71   94  117  133  146  157  170  184  197  210
  224  237  247  253  257  265  277  296  313
     2.5-180.0 180.0   5.0 450.0                            LAT/LON1/LON2/DLON/H
  311  318  321  332  346  358  360  357  352  350  349  348  348  349  346  340
  330  317  297  266  232  206  187  177  172  168  161  147  130  114  104  101
  100  101   97   89   80   75   73   72   70   69   67   63   56   50   45   42
   42   44   43   42   44   53   70   92  114  131  143  156  170  185  198  211
  224  236  246  252  258  266  278  296  311
