data/igrg2680.20i
     1.0            IONOSPHERE MAPS     MIX                 IONEX VERSION / TYPE
tecrms2ionex_2.awk  GRL/UWM            09/25/20 2009UT      PGM / RUN BY / DATE
Global ionosphere maps for day 268, 2020 (24- 9-2020)       DESCRIPTION
IONEX file containing the COMBINED IGS Ionosphere maps      DESCRIPTION
from the combination of the following IAACs:                DESCRIPTION
esrg                                                        DESCRIPTION
jprg                                                        DESCRIPTION
Contact address: Andrzej Krankowski                         DESCRIPTION
                 Geodynamics Research Laboratory            DESCRIPTION
                 University of Warmia and Mazury (GRL/UWM)  DESCRIPTION
                 Oczapowski St. 1                           DESCRIPTION
                 10-957-Olsztyn, POLAND                     DESCRIPTION
                 e-mail:  kand@uwm.edu.pl                   DESCRIPTION
                                                            DESCRIPTION
  2020     9    24     0     0     0                        EPOCH OF FIRST MAP
  2020     9    25     0     0     0                        EPOCH OF LAST MAP
  7200                                                      INTERVAL
    13                                                      # OF MAPS IN FILE
  COSZ                                                      MAPPING FUNCTION
     0.0                                                    ELEVATION CUTOFF
Combined TEC calculated as weighted mean of input TEC valuesOBSERVABLES USED
   342                                                      # OF STATIONS
    30                                                      # OF SATELLITES
  6371.0                                                    BASE RADIUS
     2                                                      MAP DIMENSION
   450.0 450.0   0.0                                        HGT1 / HGT2 / DHGT
    87.5 -87.5  -2.5                                        LAT1 / LAT2 / DLAT
  -180.0 180.0   5.0                                        LON1 / LON2 / DLON
    -1                                                      EXPONENT
TEC values in  0.1 TECUs; 9999 if no value available        COMMENT
DCB values in nanoseconds, reference is Sum_of_SatDCBs = 0  COMMENT
                                                            END OF HEADER
[from data line 1716]
     5                                                      START OF TEC MAP
  2020     9    24     8     0     0                        EPOCH OF CURRENT MAP
    87.5-180.0 180.0   5.0 450.0                            LAT/LON1/LON2/DLON/H
   68   68   68   68   69   68   68   68   67   67   66   66   65   65   64   64
   63   63   62   62   61   61   61   61   61   60   60   60   61   61   61   61
   61   61   62   62   62   62   63   63   63   63   64   64   64   65   65   65
   65   66   66   66   66   66   66   66   66   67   67   67   67   67   68   68
   68   68   68   69   69   69   69   69   68
    85.0-180.0 180.0   5.0 450.0                            LAT/LON1/LON2/DLON/H
   70   70   69   69   70   69   68   68   67   66   65   64   63   62   61   60
   59   57   56   55   55   54   53   53   53   53   53   53   54   54   55   56
   56   57   58   59   60   61   61   62   62   63   63   64   64   64   64   63
   64   64   64   64   64   64   64   64   64   65   65   65   65   66   66   66
   67   67   68   68   69   69   69   69   70
    82.5-180.0 180.0   5.0 450.0                            LAT/LON1/LON2/DLON/H
   68   68   69   69   69   69   68   67   66   65   64   62   60   58   56   54
   52   50   49   47   46   45   44   44   43   44   44   45   45   47   48   50
   51   53   55   57   59   61   62   63   64   65   65   65   65   65   64   64
   64   63   62   62   61   61   61   61   61   61   62   62   62   62   63   63
   64   64   65   66   66   67   67   68   68
    80.0-180.0 180.0   5.0 450.0                            LAT/LON1/LON2/DLON/H
   65   66   66   67   67   67   66   66   65   63   62   59   57   54   51   49
   46   44   42   40   38   37   36   36   35   36   36   37   39   40   43   45
   48   50   53   56   59   62   64   67   69   69   70   71   70   69   68   67
   66   64   63   61   61   60   59   59   58   58   59   58   58   59   59   59
   59   60   61   61   62   63   64   64   65
    77.5-180.0 180.0   5.0 450.0                            LAT/LON1/LON2/DLON/H
   61   61   63   63   64   65   64   64   63   62   60   57   54   51   48   44
   41   38   36   33   32   31   30   30   30   31   32   33   34   36   39   41
   44   48   52   56   60   64   68   71   74   76   77   77   76   75   74   72
   69   67   66   63   62   61   59   59   57   57   56   56   56   56   55   55
   55   55   56   56   57   57   58   60   61
    75.0-180.0 180.0   5.0 450.0                            LAT/LON1/LON2/DLON/H
   55   56   57   59   60   61   62   62   61   60   58   55   53   49   45   42
   39   36   33   31   30   28   28   28   28   29   30   31   32   34   37   39
   42   46   50   55   61   66   71   76   79   83   84   85   84   83   81   79
   76   74   71   69   67   64   62   61   60   58   57   56   54   53   52   52
   51   51   50   50   51   52   53   54   55
    72.5-180.0 180.0   5.0 450.0                            LAT/LON1/LON2/DLON/H
   49   51   53   54   57   58   59   60   60   59   57   55   53   49   45   42
   38   36   33   31   29   29   29   29   29   30   31   32   33   34   36   38
   42   45   50   54   61   67   73   78   83   88   90   92   92   91   89   87
   85   81   79   76   73   70   68   66   64   61   59   57   55   54   52   50
   48   47   46   45   46   45   47   47   49
    70.0-180.0 180.0   5.0 450.0                            LAT/LON1/LON2/DLON/H
   43   45   48   50   52   55   57   59   59   59   58   56   54   50   47   44
   41   38   36   34   32   31   31   32   32   32   33   33   34   35   36   38
   41   45   49   54   60   67   73   80   85   90   94   96   98   97   97   95
   93   90   87   84   81   78   75   72   69   66   63   61   58   55   52   49
   47   45   43   42   41   40   41   41   43
    67.5-180.0 180.0   5.0 450.0                            LAT/LON1/LON2/DLON/H
   39   41   43   46   49   52   55   57   59   59   58   57   56   53   50   48
   46   43   41   38   37   35   35   35   35   36   36   35   35   36   37   39
   42   46   50   55   60   66   73   79   86   91   95   98  101  102  102  102
  100   98   96   92   88   85   81   78   75   72   69   65   62   58   55   51
   48   45   43   40   39   38   38   38   39
    65.0-180.0 180.0   5.0 450.0                            LAT/LON1/LON2/DLON/H
   37   38   40   43   46   49   53   55   57   58   58   58   57   55   53   52
   51   49   46   43   41   38   38   38   38   38   37   37   36   37   38   40
   43   47   51   55   60   66   72   78   84   91   96   99  103  105  106  107
  106  105  103   99   96   92   88   84   81   77   74   71   68   64   60   56
   52   48   45   42   40   38   37   37   37
    62.5-180.0 180.0   5.0 450.0                            LAT/LON1/LON2/DLON/H
   38   38   40   42   44   47   49   52   54   55   56   56   56   56   55   55
   55   54   51   47   43   40   39   39   39   38   37   37   37   37   39   42
   45   49   53   57   61   66   72   77   83   90   96  101  105  108  110  112
  112  110  109  105  101   98   93   90   86   83   80   78   74   71   67   63
   58   55   51   47   45   42   40   39   38
    60.0-180.0 180.0   5.0 450.0                            LAT/LON1/LON2/DLON/H
   43   41   41   41   43   45   46   48   50   51   51   51   53   54   55   56
   57   56   53   49   44   40   39   38   38   38   37   36   36   37   41   44
   48   52   56   59   62   67   72   78   84   90   96  102  107  111  114  115
  117  116  114  110  107  103   99   95   92   90   87   85   82   80   76   72
   67   62   59   55   52   49   47   45   43
    57.5-180.0 180.0   5.0 450.0                            LAT/LON1/LON2/DLON/H
   49   47   44   43   43   43   44   45   45   46   45   45   47   48   50   53
   55   55   53   48   43   39   37   36   36   36   35   35   36   38   43   47
   53   57   60   64   66   69   74   80   86   93  100  105  110  115  118  120
  122  121  120  116  113  109  105  102   99   97   95   93   92   89   85   81
   77   72   69   65   61   58   55   53   49
    55.0-180.0 180.0   5.0 450.0                            LAT/LON1/LON2/DLON/H
   58   53   49   46   44   43   43   42   42   41   39   39   40   42   45   47
   50   51   49   45   40   37   34   34   34   34   34   34   37   40   46   51
   57   62   66   69   71   74   78   84   92   99  105  111  116  120  123  126
  127  128  126  123  119  116  112  109  106  105  104  102  101   99   96   92
   87   83   79   75   72   69   66   62   58
    52.5-180.0 180.0   5.0 450.0                            LAT/LON1/LON2/DLON/H
   67   61   56   50   47   45   43   42   40   38   36   35   35   37   39   42
   44   46   44   41   37   33   32   33   33   33   34   35   38   43   50   56
   63   68   72   74   77   80   85   91   99  106  113  118  123  126  130  132
  134  134  133  131  128  124  120  117  114  113  112  111  110  108  105  102
   98   93   89   86   82   79   76   72   67
    50.0-180.0 180.0   5.0 450.0                            LAT/LON1/LON2/DLON/H
   77   70   63   56   51   48   46   45   42   40   37   36   36   36   36   37
   39   41   41   38   34   32   32   33   34   35   36   37   41   47   53   61
   68   73   78   81   84   87   93   99  107  114  122  126  130  133  136  139
  141  142  141  139  136  133  129  125  123  122  120  120  118  116  114  111
  107  103   99   96   92   90   86   83   77
    47.5-180.0 180.0   5.0 450.0                            LAT/LON1/LON2/DLON/H
   87   80   72   64   58   54   51   49   46   44   43   42   42   40   38   37
   39   40   40   38   35   34   34   36   38   38   39   41   45   50   58   65
   72   78   84   87   92   96  102  109  116  124  129  134  137  140  143  146
  148  149  148  147  144  140  136  133  130  128  127  125  124  122  120  118
  116  113  109  105  102  100   96   92   87
    45.0-180.0 180.0   5.0 450.0                            LAT/LON1/LON2/DLON/H
   97   90   82   73   66   61   57   54   52   52   52   53   54   51   46   43
   43   43   43   42   41   40   40   42   44   45   45   47   50   55   61   69
   76   83   89   94   99  105  111  118  125  132  137  140  143  146  149  152
  155  155  155  153  150  147  143  140  136  133  130  128  126  125  125  124
  123  121  118  114  112  109  106  102   97
    42.5-180.0 180.0   5.0 450.0                            LAT/LON1/LON2/DLON/H
  106  100   92   83   75   69   65   62   60   60   63   67   68   64   58   53
   52   52   52   51   51   50   50   51   52   53   53   53   55   59   65   72
   80   87   94  101  107  113  120  126  133  139  143  146  148  151  155  158
  160  159  158  157  154  151  147  144  139  135  131  128  125  124  125  127
  130  129  128  124  121  117  114  111  106
    40.0-180.0 180.0   5.0 450.0                            LAT/LON1/LON2/DLON/H
  112  107   99   91   82   76   71   68   67   68   74   80   83   79   72   66
   63   63   64   65   65   63   62   61   62   62   60   59   59   62   68   75
   84   93  101  109  116  122  128  134  139  144  148  150  152  155  159  162
  163  162  161  158  156  154  151  147  142  136  131  127  124  124  127  131
  135  138  137  134  130  125  121  117  112
    37.5-180.0 180.0   5.0 450.0                            LAT/LON1/LON2/DLON/H
  116  111  104   96   88   81   76   73   72   75   82   90   95   93   85   79
   76   76   77   78   77   75   72   70   70   69   66   63   61   64   71   79
   89  100  109  118  124  130  135  140  144  148  151  153  155  159  163  165
  166  164  161  159  158  157  155  152  147  141  135  130  128  129  132  138
  143  147  147  144  139  133  126  120  116
    35.0-180.0 180.0   5.0 450.0                            LAT/LON1/LON2/DLON/H
  116  110  104   97   90   84   79   76   75   79   87   96  102  102   96   90
   88   87   87   88   88   85   80   77   75   72   69   64   63   65   73   84
   96  107  117  126  132  138  142  145  148  151  152  155  158  163  167  169
  168  165  163  162  161  162  163  161  158  153  146  142  140  141  145  149
  155  158  159  156  149  140  131  123  116
    32.5-180.0 180.0   5.0 450.0                            LAT/LON1/LON2/DLON/H
  116  109  102   94   88   83   79   76   76   80   89   99  107  107  103   99
   96   95   94   94   93   89   84   79   75   72   67   62   61   66   76   90
  103  115  125  134  139  143  146  148  150  151  153  157  161  167  171  174
  172  169  167  167  169  173  176  177  177  174  169  166  165  167  168  169
  171  173  173  168  160  149  137  126  116
    30.0-180.0 180.0   5.0 450.0                            LAT/LON1/LON2/DLON/H
  119  109  100   92   85   80   77   75   75   80   88   98  106  108  106  103
  101   99   97   95   92   88   82   76   72   68   63   58   59   65   78   94
  109  122  131  139  145  148  149  150  150  152  154  159  165  172  177  180
  179  176  176  178  183  189  195  199  202  203  202  200  202  204  202  198
  194  192  189  183  174  160  145  131  119
    27.5-180.0 180.0   5.0 450.0                            LAT/LON1/LON2/DLON/H
  128  116  102   91   82   78   76   74   74   78   85   95  102  106  105  104
  102   99   96   92   89   84   78   72   67   62   57   54   55   64   80   98
  114  126  136  142  147  149  151  151  151  152  155  162  171  179  185  188
  188  186  187  193  200  209  217  225  232  236  239  241  245  247  243  233
  222  214  207  200  191  176  158  142  128
    25.0-180.0 180.0   5.0 450.0                            LAT/LON1/LON2/DLON/H
  144  129  111   94   83   79   76   74   74   76   82   90   97  100  101  101
  100   97   93   88   84   79   73   67   62   57   52   50   53   64   81  100
  116  128  137  143  147  150  151  152  153  155  159  167  178  188  195  198
  199  199  202  210  221  230  240  250  260  267  274  280  287  291  285  268
  250  236  225  218  208  196  178  159  144
    22.5-180.0 180.0   5.0 450.0                            LAT/LON1/LON2/DLON/H
  166  150  128  105   89   82   79   77   76   78   81   87   91   93   94   94
   94   93   89   83   79   75   69   63   58   53   49   48   52   63   81  100
  115  128  137  142  146  150  153  156  158  161  165  174  186  198  206  210
  212  213  218  228  240  251  260  271  282  292  301  310  321  328  322  301
  276  257  243  234  226  215  199  181  166
    20.0-180.0 180.0   5.0 450.0                            LAT/LON1/LON2/DLON/H
  190  173  148  120  100   90   87   85   83   82   83   84   86   86   86   86
   88   87   85   81   78   73   68   63   58   54   50   48   52   63   80   98
  114  125  134  140  145  150  156  162  166  170  174  183  195  209  218  223
  225  227  233  245  257  267  275  284  294  306  316  328  343  353  348  326
  297  273  256  247  241  232  218  203  190
    17.5-180.0 180.0   5.0 450.0                            LAT/LON1/LON2/DLON/H
  210  194  167  136  113  102   98   96   94   90   87   86   84   82   79   79
   81   82   82   80   77   74   69   64   60   56   52   50   53   63   79   96
  111  123  132  138  145  152  161  169  176  181  185  193  206  220  230  236
  239  241  246  258  270  278  284  290  300  311  321  335  352  364  361  340
  310  283  264  255  251  245  233  221  210
    15.0-180.0 180.0   5.0 450.0                            LAT/LON1/LON2/DLON/H
  221  206  180  148  125  114  111  111  108  103   96   90   85   80   76   75
   77   80   81   82   80   75   71   67   63   60   56   52   54   63   78   93
  108  120  130  137  146  155  167  178  187  192  197  204  217  230  241  248
  251  253  257  269  280  287  289  293  301  311  321  333  351  365  363  344
  316  287  266  257  255  251  241  230  221
    12.5-180.0 180.0   5.0 450.0                            LAT/LON1/LON2/DLON/H
  221  207  182  154  133  125  124  126  124  117  107   98   91   83   78   76
   77   80   83   85   83   79   74   70   67   63   59   55   55   62   75   90
  105  118  128  137  146  159  173  186  196  202  207  214  227  241  252  259
  262  263  267  277  287  292  294  296  302  311  319  330  344  356  356  339
  313  286  264  256  255  251  242  230  221
    10.0-180.0 180.0   5.0 450.0                            LAT/LON1/LON2/DLON/H
  214  199  176  152  137  133  136  139  138  131  120  109   99   90   84   81
   81   84   87   90   88   83   77   73   70   67   62   57   56   61   74   88
  102  116  127  137  147  161  177  192  203  210  216  224  236  250  260  267
  271  271  274  283  293  297  298  300  308  315  321  328  337  343  342  327
  304  278  258  252  252  249  238  226  214
     7.5-180.0 180.0   5.0 450.0                            LAT/LON1/LON2/DLON/H
  204  188  168  149  139  138  144  148  150  143  132  120  109   99   92   88
   88   91   94   95   92   86   80   75   72   70   65   59   56   62   72   87
  101  115  127  137  148  162  179  194  207  214  221  230  243  255  266  273
  276  277  279  288  296  301  304  308  315  322  327  329  329  328  323  310
  290  267  251  246  248  245  234  219  204
     5.0-180.0 180.0   5.0 450.0                            LAT/LON1/LON2/DLON/H
  198  180  161  147  141  144  149  155  157  152  142  131  119  109  102   98
   97   99  100  101   97   89   81   75   73   72   67   59   56   61   72   85
  100  114  127  137  148  162  179  194  206  215  223  233  246  259  269  276
  279  280  283  290  298  303  308  314  323  330  333  330  322  313  302  290
  273  254  241  241  245  244  234  217  198
     2.5-180.0 180.0   5.0 450.0                            LAT/LON1/LON2/DLON/H
  201  181  164  151  147  150  155  159  162  159  152  141  129  118  111  107
  105  106  106  104   99   91   82   75   74   73   68   60   57   61   72   85
   99  113  126  136  147  162  177  192  202  211  220  232  246  259  270  275
  278  279  283  289  296  302  308  315  325  333  335  329  315  297  282  269
  255  240  232  235  243  244  236  220  201
